[
  {
    "app.WarpUserData": {
      "index": 155,
      "_StageWarpDataList": [
        {
          "app.WarpUserData.StageData": {
            "index": 2,
            "_StageID": -1798520320,
            "_WarpDataList": [
              {
                "app.WarpUserData.Data": {
                  "index": 1,
                  "_ID": 0,
                  "_PLCreateMat": [
                    -0.999596118927002,
                    -8.738746970493594e-08,
                    0.028417250141501427,
                    0.0,
                    -8.990708977307804e-08,
                    1.0,
                    -8.738746970493594e-08,
                    0.0,
                    -0.028417250141501427,
                    -8.990708977307804e-08,
                    -0.999596118927002,
                    0.0,
                    50.81352996826172,
                    -1.9073486328125e-06,
                    -31.2697811126709,
                    1.0
                  ],
                  "_CmaeraQuat": [
                    0.0,
                    0.0,
                    0.0,
                    1.0
                  ]
                }
              }
            ]
          }
        },
        {
          "app.WarpUserData.StageData": {
            "index": 4,
            "_StageID": 922368000,
            "_WarpDataList": [
              {
                "app.WarpUserData.Data": {
                  "index": 3,
                  "_ID": 0,
                  "_PLCreateMat": [
                    -0.0329553559422493,
                    1.4640515644259722e-07,
                    -0.9994568228721619,
                    0.0,
                    2.4128894438035786e-09,
                    1.0,
                    1.4640515644259722e-07,
                    0.0,
                    0.9994568228721619,
                    2.4128894438035786e-09,
                    -0.0329553559422493,
                    0.0,
                    9.754378318786621,
                    0.1687459945678711,
                    -10.550503730773926,
                    1.0
                  ],
                  "_CmaeraQuat": [
                    0.0,
                    0.0,
                    0.0,
                    1.0
                  ]
                }
              }
            ]
          }
        },
        {
          "app.WarpUserData.StageData": {
            "index": 6,
            "_StageID": -95139984,
            "_WarpDataList": [
              {
                "app.WarpUserData.Data": {
                  "index": 5,
                  "_ID": 0,
                  "_PLCreateMat": [
                    -0.9845252633094788,
                    -8.606993162629806e-08,
                    0.1752425581216812,
                    0.0,
                    -1.0274296613488332e-07,
                    1.0,
                    -8.606993162629806e-08,
                    0.0,
                    -0.1752425581216812,
                    -1.0274296613488332e-07,
                    -0.9845252633094788,
                    0.0,
                    -13.966777801513672,
                    0.5399584770202637,
                    239.48342895507812,
                    1.0
                  ],
                  "_CmaeraQuat": [
                    0.0,
                    0.0,
                    0.0,
                    1.0
                  ]
                }
              }
            ]
          }
        },
        {
          "app.WarpUserData.StageData": {
            "index": 26,
            "_StageID": 1769129856,
            "_WarpDataList": [
              {
                "app.WarpUserData.Data": {
                  "index": 7,
                  "_ID": 0,
                  "_PLCreateMat": [
                    -0.05612172558903694,
                    3.523506819647082e-08,
                    -0.9984239339828491,
                    0.0,
                    9.89530235528946e-10,
                    1.0,
                    3.523506819647082e-08,
                    0.0,
                    0.9984239339828491,
                    9.89530235528946e-10,
                    -0.05612172558903694,
                    0.0,
                    388.7896728515625,
                    190.36058044433594,
                    -245.5466766357422,
                    1.0
                  ],
                  "_CmaeraQuat": [
                    -0.06109069660305977,
                    0.7135828733444214,
                    -0.06271705776453018,
                    -0.695078432559967
                  ]
                }
              },
              {
                "app.WarpUserData.Data": {
                  "index": 8,
                  "_ID": 0,
                  "_PLCreateMat": [
                    0.7477519512176514,
                    -0.0,
                    -0.6639782190322876,
                    0.0,
                    0.0,
                    1.0,
                    -0.0,
                    0.0,
                    0.6639782190322876,
                    0.0,
                    0.7477519512176514,
                    0.0,
                    260.56829833984375,
                    188.78546142578125,
                    16.025266647338867,
                    1.0
                  ],
                  "_CmaeraQuat": [
                    0.026072736829519272,
                    0.9733677506446838,
                    0.1434575915336609,
                    -0.17690497636795044
                  ]
                }
              },
              {
                "app.WarpUserData.Data": {
                  "index": 9,
                  "_ID": 0,
                  "_PLCreateMat": [
                    0.27063804864883423,
                    0.0,
                    0.9626811742782593,
                    0.0,
                    -0.0,
                    1.0,
                    0.0,
                    0.0,
                    -0.9626811742782593,
                    -0.0,
                    0.27063804864883423,
                    0.0,
                    4.743894100189209,
                    211.76246643066406,
                    -70.20956420898438,
                    1.0
                  ],
                  "_CmaeraQuat": [
                    -0.01574460230767727,
                    0.7671136856079102,
                    0.01884106732904911,
                    0.6410411596298218
                  ]
                }
              },
              {
                "app.WarpUserData.Data": {
                  "index": 10,
                  "_ID": 0,
                  "_PLCreateMat": [
                    0.36171942949295044,
                    -5.539114944497214e-09,
                    -0.9322873950004578,
                    0.0,
                    6.963070120491466e-09,
                    1.0,
                    -3.2398124183430355e-09,
                    0.0,
                    0.9322873950004578,
                    -5.319674034609534e-09,
                    0.36171942949295044,
                    0.0,
                    225.791748046875,
                    331.06744384765625,
                    -716.4297485351562,
                    1.0
                  ],
                  "_CmaeraQuat": [
                    0.0,
                    0.0,
                    0.0,
                    1.0
                  ]
                }
              },
              {
                "app.WarpUserData.Data": {
                  "index": 11,
                  "_ID": 0,
                  "_PLCreateMat": [
                    0.8196650743484497,
                    0.0,
                    -0.5728429555892944,
                    0.0,
                    0.0,
                    1.0,
                    0.0,
                    0.0,
                    0.5728429555892944,
                    0.0,
                    0.8196650743484497,
                    0.0,
                    607.0451049804688,
                    309.51397705078125,
                    -506.32196044921875,
                    1.0
                  ],
                  "_CmaeraQuat": [
                    0.013620488345623016,
                    0.9642387628555298,
                    -0.259813129901886,
                    0.05054942145943642
                  ]
                }
              },
              {
                "app.WarpUserData.Data": {
                  "index": 12,
                  "_ID": 0,
                  "_PLCreateMat": [
                    -0.9986779689788818,
                    0.0,
                    -0.05140680447220802,
                    0.0,
                    0.0,
                    1.0,
                    0.0,
                    0.0,
                    0.05140680447220802,
                    0.0,
                    -0.9986779689788818,
                    0.0,
                    701.7528686523438,
                    272.8825988769531,
                    240.2073974609375,
                    1.0
                  ],
                  "_CmaeraQuat": [
                    -0.21840044856071472,
                    0.271283358335495,
                    -0.06335031241178513,
                    -0.9352504014968872
                  ]
                }
              },
              {
                "app.WarpUserData.Data": {
                  "index": 13,
                  "_ID": 0,
                  "_PLCreateMat": [
                    -0.8958508968353271,
                    0.0,
                    0.44435492157936096,
                    0.0,
                    0.0,
                    1.0,
                    0.0,
                    0.0,
                    -0.44435492157936096,
                    0.0,
                    -0.8958508968353271,
                    0.0,
                    -405.88812255859375,
                    226.48928833007812,
                    419.1094665527344,
                    1.0
                  ],
                  "_CmaeraQuat": [
                    -0.22509326040744781,
                    0.18221455812454224,
                    -0.042894672602415085,
                    -0.9561855792999268
                  ]
                }
              },
              {
                "app.WarpUserData.Data": {
                  "index": 14,
                  "_ID": 0,
                  "_PLCreateMat": [
                    0.38329070806503296,
                    0.0,
                    0.9236278533935547,
                    0.0,
                    0.0,
                    1.0,
                    0.0,
                    0.0,
                    -0.9236278533935547,
                    0.0,
                    0.38329070806503296,
                    0.0,
                    218.68936157226562,
                    331.6482238769531,
                    -712.0958251953125,
                    1.0
                  ],
                  "_CmaeraQuat": [
                    0.027603879570961,
                    0.3366716802120209,
                    -0.009874398820102215,
                    0.9411656260490417
                  ]
                }
              },
              {
                "app.WarpUserData.Data": {
                  "index": 15,
                  "_ID": 0,
                  "_PLCreateMat": [
                    0.8930909633636475,
                    -0.0,
                    -0.4498761296272278,
                    0.0,
                    0.0,
                    1.0,
                    -0.0,
                    0.0,
                    0.4498761296272278,
                    0.0,
                    0.8930909633636475,
                    0.0,
                    354.2686462402344,
                    186.11521911621094,
                    522.1658325195312,
                    1.0
                  ],
                  "_CmaeraQuat": [
                    -0.004054040648043156,
                    0.9900544285774231,
                    -0.029176611453294754,
                    -0.13756637275218964
                  ]
                }
              },
              {
                "app.WarpUserData.Data": {
                  "index": 16,
                  "_ID": 0,
                  "_PLCreateMat": [
                    0.8821136951446533,
                    0.0,
                    0.471036434173584,
                    0.0,
                    0.0,
                    1.0,
                    0.0,
                    0.0,
                    -0.471036434173584,
                    0.0,
                    0.8821136951446533,
                    0.0,
                    82.55615234375,
                    152.90127563476562,
                    473.0518798828125,
                    1.0
                  ],
                  "_CmaeraQuat": [
                    -0.029304977506399155,
                    0.9612197279930115,
                    0.11267148703336716,
                    0.2500057816505432
                  ]
                }
              },
              {
                "app.WarpUserData.Data": {
                  "index": 17,
                  "_ID": 0,
                  "_PLCreateMat": [
                    -0.44745898246765137,
                    -0.0,
                    -0.8943046927452087,
                    0.0,
                    0.0,
                    1.0,
                    -0.0,
                    0.0,
                    0.8943046927452087,
                    0.0,
                    -0.44745898246765137,
                    0.0,
                    -584.0796508789062,
                    244.65298461914062,
                    132.7139434814453,
                    1.0
                  ],
                  "_CmaeraQuat": [
                    0.06789460778236389,
                    0.5923422574996948,
                    0.05019262805581093,
                    -0.8012501001358032
                  ]
                }
              },
              {
                "app.WarpUserData.Data": {
                  "index": 18,
                  "_ID": 0,
                  "_PLCreateMat": [
                    0.5882828235626221,
                    0.0,
                    -0.8086557984352112,
                    0.0,
                    0.0,
                    1.0,
                    0.0,
                    0.0,
                    0.8086557984352112,
                    0.0,
                    0.5882828235626221,
                    0.0,
                    688.8327026367188,
                    195.24954223632812,
                    164.59388732910156,
                    1.0
                  ],
                  "_CmaeraQuat": [
                    -0.05374876409769058,
                    0.9177461862564087,
                    -0.13321799039840698,
                    -0.3702782392501831
                  ]
                }
              },
              {
                "app.WarpUserData.Data": {
                  "index": 19,
                  "_ID": 0,
                  "_PLCreateMat": [
                    0.661097526550293,
                    0.0,
                    -0.7503002882003784,
                    0.0,
                    0.0,
                    1.0,
                    0.0,
                    0.0,
                    0.7503002882003784,
                    0.0,
                    0.661097526550293,
                    0.0,
                    276.99542236328125,
                    179.63037109375,
                    54.587730407714844,
                    1.0
                  ],
                  "_CmaeraQuat": [
                    0.04341522231698036,
                    0.9125020503997803,
                    0.10051172226667404,
                    -0.3941478431224823
                  ]
                }
              },
              {
                "app.WarpUserData.Data": {
                  "index": 20,
                  "_ID": 0,
                  "_PLCreateMat": [
                    0.8578134179115295,
                    -0.0,
                    -0.5139612555503845,
                    0.0,
                    0.0,
                    1.0,
                    -0.0,
                    0.0,
                    0.5139612555503845,
                    0.0,
                    0.8578134179115295,
                    0.0,
                    -337.2818908691406,
                    155.02389526367188,
                    -158.2206268310547,
                    1.0
                  ],
                  "_CmaeraQuat": [
                    0.02345667965710163,
                    0.9367984533309937,
                    0.06403502076864243,
                    -0.3431588113307953
                  ]
                }
              },
              {
                "app.WarpUserData.Data": {
                  "index": 21,
                  "_ID": 0,
                  "_PLCreateMat": [
                    -0.987533450126648,
                    0.0,
                    0.15740866959095,
                    0.0,
                    -0.0,
                    1.0,
                    0.0,
                    0.0,
                    -0.15740866959095,
                    -0.0,
                    -0.987533450126648,
                    0.0,
                    370.1042785644531,
                    387.8258361816406,
                    -845.0343017578125,
                    1.0
                  ],
                  "_CmaeraQuat": [
                    -0.05238775163888931,
                    0.046146806329488754,
                    0.0024234477896243334,
                    0.9975571036338806
                  ]
                }
              },
              {
                "app.WarpUserData.Data": {
                  "index": 22,
                  "_ID": 0,
                  "_PLCreateMat": [
                    0.9418413639068604,
                    -0.0,
                    -0.33605775237083435,
                    0.0,
                    0.0,
                    1.0,
                    -0.0,
                    0.0,
                    0.33605775237083435,
                    0.0,
                    0.9418413639068604,
                    0.0,
                    723.9752197265625,
                    239.88705444335938,
                    -146.94102478027344,
                    1.0
                  ],
                  "_CmaeraQuat": [
                    0.010061523877084255,
                    0.9889318943023682,
                    0.07981204986572266,
                    -0.12466991692781448
                  ]
                }
              },
              {
                "app.WarpUserData.Data": {
                  "index": 23,
                  "_ID": 0,
                  "_PLCreateMat": [
                    0.6410914659500122,
                    0.0,
                    0.7674645185470581,
                    0.0,
                    0.0,
                    1.0,
                    0.0,
                    0.0,
                    -0.7674645185470581,
                    0.0,
                    0.6410914659500122,
                    0.0,
                    -180.32395935058594,
                    166.8482666015625,
                    478.4451599121094,
                    1.0
                  ],
                  "_CmaeraQuat": [
                    -0.0523008368909359,
                    0.813228964805603,
                    0.0739893838763237,
                    0.5748466849327087
                  ]
                }
              },
              {
                "app.WarpUserData.Data": {
                  "index": 24,
                  "_ID": 0,
                  "_PLCreateMat": [
                    -0.6464328765869141,
                    0.0,
                    0.762971043586731,
                    0.0,
                    0.0,
                    1.0,
                    0.0,
                    0.0,
                    -0.762971043586731,
                    0.0,
                    -0.6464328765869141,
                    0.0,
                    -630.3114013671875,
                    174.29225158691406,
                    -251.41461181640625,
                    1.0
                  ],
                  "_CmaeraQuat": [
                    -0.031920332461595535,
                    0.4582999050617218,
                    0.016472868621349335,
                    0.8880714774131775
                  ]
                }
              },
              {
                "app.WarpUserData.Data": {
                  "index": 25,
                  "_ID": 0,
                  "_PLCreateMat": [
                    -0.7553482055664062,
                    -0.0,
                    -0.6553250551223755,
                    0.0,
                    0.0,
                    1.0,
                    -0.0,
                    0.0,
                    0.6553250551223755,
                    0.0,
                    -0.7553482055664062,
                    0.0,
                    -363.6912536621094,
                    169.2230224609375,
                    341.3965759277344,
                    1.0
                  ],
                  "_CmaeraQuat": [
                    0.10314945876598358,
                    0.4218696355819702,
                    0.04837920516729355,
                    -0.8994696140289307
                  ]
                }
              }
            ]
          }
        },
        {
          "app.WarpUserData.StageData": {
            "index": 47,
            "_StageID": 884165440,
            "_WarpDataList": [
              {
                "app.WarpUserData.Data": {
                  "index": 27,
                  "_ID": 0,
                  "_PLCreateMat": [
                    -0.9964551329612732,
                    -8.711287335927409e-08,
                    0.08412625640630722,
                    0.0,
                    -9.477732731966171e-08,
                    1.0,
                    -8.711287335927409e-08,
                    0.0,
                    -0.08412625640630722,
                    -9.477732731966171e-08,
                    -0.9964551329612732,
                    0.0,
                    -11.732488632202148,
                    63.43190002441406,
                    417.5018005371094,
                    1.0
                  ],
                  "_CmaeraQuat": [
                    0.0,
                    0.0,
                    0.0,
                    1.0
                  ]
                }
              },
              {
                "app.WarpUserData.Data": {
                  "index": 28,
                  "_ID": 0,
                  "_PLCreateMat": [
                    0.39813387393951416,
                    0.0,
                    -0.917327344417572,
                    0.0,
                    0.0,
                    1.0,
                    0.0,
                    0.0,
                    0.917327344417572,
                    0.0,
                    0.39813387393951416,
                    0.0,
                    -709.0988159179688,
                    254.89454650878906,
                    -30.82665252685547,
                    1.0
                  ],
                  "_CmaeraQuat": [
                    0.0,
                    0.0,
                    0.0,
                    1.0
                  ]
                }
              },
              {
                "app.WarpUserData.Data": {
                  "index": 29,
                  "_ID": 0,
                  "_PLCreateMat": [
                    0.37136948108673096,
                    0.0,
                    -0.9284853935241699,
                    0.0,
                    0.0,
                    1.0,
                    0.0,
                    0.0,
                    0.9284853935241699,
                    0.0,
                    0.37136948108673096,
                    0.0,
                    -383.28173828125,
                    212.05221557617188,
                    -375.2696533203125,
                    1.0
                  ],
                  "_CmaeraQuat": [
                    0.008796497248113155,
                    0.8116275668144226,
                    0.012225535698235035,
                    -0.5839809775352478
                  ]
                }
              },
              {
                "app.WarpUserData.Data": {
                  "index": 30,
                  "_ID": 0,
                  "_PLCreateMat": [
                    -0.9626014232635498,
                    0.0,
                    0.2709216773509979,
                    0.0,
                    0.0,
                    1.0,
                    0.0,
                    0.0,
                    -0.2709216773509979,
                    0.0,
                    -0.9626014232635498,
                    0.0,
                    473.32269287109375,
                    180.88536071777344,
                    213.240234375,
                    1.0
                  ],
                  "_CmaeraQuat": [
                    -0.08592019230127335,
                    0.2020360380411148,
                    0.017796054482460022,
                    0.9754396080970764
                  ]
                }
              },
              {
                "app.WarpUserData.Data": {
                  "index": 31,
                  "_ID": 0,
                  "_PLCreateMat": [
                    0.23930561542510986,
                    -0.0,
                    -0.9709442853927612,
                    0.0,
                    0.0,
                    1.0,
                    -0.0,
                    0.0,
                    0.9709442853927612,
                    0.0,
                    0.23930561542510986,
                    0.0,
                    -192.78065490722656,
                    144.6632080078125,
                    224.9590606689453,
                    1.0
                  ],
                  "_CmaeraQuat": [
                    -0.09032817929983139,
                    0.7182769775390625,
                    -0.09495146572589874,
                    -0.6833032369613647
                  ]
                }
              },
              {
                "app.WarpUserData.Data": {
                  "index": 32,
                  "_ID": 0,
                  "_PLCreateMat": [
                    -0.9314079284667969,
                    0.0,
                    0.3639768958091736,
                    0.0,
                    -0.0,
                    1.0,
                    0.0,
                    0.0,
                    -0.3639768958091736,
                    -0.0,
                    -0.9314079284667969,
                    0.0,
                    -140.1674346923828,
                    295.1175842285156,
                    -419.4935302734375,
                    1.0
                  ],
                  "_CmaeraQuat": [
                    0.18445812165737152,
                    0.25069987773895264,
                    -0.04872475191950798,
                    0.9490788578987122
                  ]
                }
              },
              {
                "app.WarpUserData.Data": {
                  "index": 33,
                  "_ID": 0,
                  "_PLCreateMat": [
                    0.9374173879623413,
                    0.0,
                    0.3482077717781067,
                    0.0,
                    -0.0,
                    1.0,
                    0.0,
                    0.0,
                    -0.3482077717781067,
                    -0.0,
                    0.9374173879623413,
                    0.0,
                    362.5730285644531,
                    364.4504089355469,
                    -292.1776428222656,
                    1.0
                  ],
                  "_CmaeraQuat": [
                    0.024260789155960083,
                    0.9754582047462463,
                    -0.16614258289337158,
                    0.14244022965431213
                  ]
                }
              },
              {
                "app.WarpUserData.Data": {
                  "index": 34,
                  "_ID": 0,
                  "_PLCreateMat": [
                    -0.23941409587860107,
                    0.0,
                    0.9709174633026123,
                    0.0,
                    -0.0,
                    1.0,
                    0.0,
                    0.0,
                    -0.9709174633026123,
                    -0.0,
                    -0.23941409587860107,
                    0.0,
                    -60.10449981689453,
                    113.06863403320312,
                    720.9092407226562,
                    1.0
                  ],
                  "_CmaeraQuat": [
                    -0.054913315922021866,
                    0.615176796913147,
                    0.04301734268665314,
                    0.785297155380249
                  ]
                }
              },
              {
                "app.WarpUserData.Data": {
                  "index": 35,
                  "_ID": 0,
                  "_PLCreateMat": [
                    0.2560572028160095,
                    -0.0,
                    -0.9666615724563599,
                    0.0,
                    0.0,
                    1.0,
                    -0.0,
                    0.0,
                    0.9666615724563599,
                    0.0,
                    0.2560572028160095,
                    0.0,
                    173.0590362548828,
                    182.24453735351562,
                    859.2821044921875,
                    1.0
                  ],
                  "_CmaeraQuat": [
                    0.060787368565797806,
                    0.794312596321106,
                    0.08059951663017273,
                    -0.5990628004074097
                  ]
                }
              },
              {
                "app.WarpUserData.Data": {
                  "index": 36,
                  "_ID": 0,
                  "_PLCreateMat": [
                    0.5554776191711426,
                    0.0,
                    0.8315315246582031,
                    0.0,
                    -0.0,
                    1.0,
                    0.0,
                    0.0,
                    -0.8315315246582031,
                    -0.0,
                    0.5554776191711426,
                    0.0,
                    93.61189270019531,
                    443.4810791015625,
                    -430.2608947753906,
                    1.0
                  ],
                  "_CmaeraQuat": [
                    -0.07910364121198654,
                    0.8782090544700623,
                    0.15606829524040222,
                    0.4451226592063904
                  ]
                }
              },
              {
                "app.WarpUserData.Data": {
                  "index": 37,
                  "_ID": 0,
                  "_PLCreateMat": [
                    -0.795161247253418,
                    0.0,
                    -0.6063974499702454,
                    0.0,
                    0.0,
                    1.0,
                    0.0,
                    0.0,
                    0.6063974499702454,
                    0.0,
                    -0.795161247253418,
                    0.0,
                    30.99078941345215,
                    63.31103515625,
                    283.1186218261719,
                    1.0
                  ],
                  "_CmaeraQuat": [
                    0.03935173898935318,
                    0.4591481387615204,
                    0.020364267751574516,
                    -0.887253999710083
                  ]
                }
              },
              {
                "app.WarpUserData.Data": {
                  "index": 38,
                  "_ID": 0,
                  "_PLCreateMat": [
                    -0.16593492031097412,
                    0.0,
                    0.9861369729042053,
                    0.0,
                    0.0,
                    1.0,
                    0.0,
                    0.0,
                    -0.9861369729042053,
                    0.0,
                    -0.16593492031097412,
                    0.0,
                    -331.7378845214844,
                    143.19947814941406,
                    80.02171325683594,
                    1.0
                  ],
                  "_CmaeraQuat": [
                    -0.045841991901397705,
                    0.5725647807121277,
                    0.0320894755423069,
                    0.8179476261138916
                  ]
                }
              },
              {
                "app.WarpUserData.Data": {
                  "index": 39,
                  "_ID": 0,
                  "_PLCreateMat": [
                    0.96200031042099,
                    -0.0,
                    -0.2730483114719391,
                    0.0,
                    0.0,
                    1.0,
                    -0.0,
                    0.0,
                    0.2730483114719391,
                    0.0,
                    0.96200031042099,
                    0.0,
                    463.0645751953125,
                    179.1326141357422,
                    190.0535430908203,
                    1.0
                  ],
                  "_CmaeraQuat": [
                    0.001203327439725399,
                    0.9977866411209106,
                    0.018830036744475365,
                    -0.06376323848962784
                  ]
                }
              },
              {
                "app.WarpUserData.Data": {
                  "index": 40,
                  "_ID": 0,
                  "_PLCreateMat": [
                    -0.6846119165420532,
                    0.0,
                    0.728908121585846,
                    0.0,
                    0.0,
                    1.0,
                    0.0,
                    0.0,
                    -0.728908121585846,
                    0.0,
                    -0.6846119165420532,
                    0.0,
                    -334.877685546875,
                    203.09864807128906,
                    -371.7032165527344,
                    1.0
                  ],
                  "_CmaeraQuat": [
                    0.0668054074048996,
                    0.5125136375427246,
                    -0.040038708597421646,
                    0.8551396131515503
                  ]
                }
              },
              {
                "app.WarpUserData.Data": {
                  "index": 41,
                  "_ID": 0,
                  "_PLCreateMat": [
                    0.11678838729858398,
                    0.0,
                    0.9931567907333374,
                    0.0,
                    0.0,
                    1.0,
                    0.0,
                    0.0,
                    -0.9931567907333374,
                    0.0,
                    0.11678838729858398,
                    0.0,
                    261.183837890625,
                    62.62493896484375,
                    401.9320373535156,
                    1.0
                  ],
                  "_CmaeraQuat": [
                    -0.058747246861457825,
                    0.73934006690979,
                    0.06506002694368362,
                    0.6676018834114075
                  ]
                }
              },
              {
                "app.WarpUserData.Data": {
                  "index": 42,
                  "_ID": 0,
                  "_PLCreateMat": [
                    -0.3053964376449585,
                    0.0,
                    -0.9522252082824707,
                    0.0,
                    0.0,
                    1.0,
                    0.0,
                    0.0,
                    0.9522252082824707,
                    0.0,
                    -0.3053964376449585,
                    0.0,
                    111.50894927978516,
                    73.65168762207031,
                    244.7014617919922,
                    1.0
                  ],
                  "_CmaeraQuat": [
                    -0.0007496910402551293,
                    0.6141521334648132,
                    -0.0005834160256199539,
                    -0.7891870737075806
                  ]
                }
              },
              {
                "app.WarpUserData.Data": {
                  "index": 43,
                  "_ID": 0,
                  "_PLCreateMat": [
                    -0.0613628625869751,
                    0.0,
                    0.9981156587600708,
                    0.0,
                    0.0,
                    1.0,
                    0.0,
                    0.0,
                    -0.9981156587600708,
                    0.0,
                    -0.0613628625869751,
                    0.0,
                    117.17855072021484,
                    116.51206970214844,
                    594.5092163085938,
                    1.0
                  ],
                  "_CmaeraQuat": [
                    -0.012207037769258022,
                    0.6637170910835266,
                    0.010834393091499805,
                    0.7478055953979492
                  ]
                }
              },
              {
                "app.WarpUserData.Data": {
                  "index": 44,
                  "_ID": 0,
                  "_PLCreateMat": [
                    -0.1658318042755127,
                    0.0,
                    -0.9861542582511902,
                    0.0,
                    0.0,
                    1.0,
                    0.0,
                    0.0,
                    0.9861542582511902,
                    0.0,
                    -0.1658318042755127,
                    0.0,
                    -395.447509765625,
                    156.5100860595703,
                    -214.4302215576172,
                    1.0
                  ],
                  "_CmaeraQuat": [
                    -0.03473202884197235,
                    0.7095929980278015,
                    -0.03506368026137352,
                    -0.7028812766075134
                  ]
                }
              },
              {
                "app.WarpUserData.Data": {
                  "index": 45,
                  "_ID": 0,
                  "_PLCreateMat": [
                    -0.9040294885635376,
                    0.0,
                    0.4274691343307495,
                    0.0,
                    0.0,
                    1.0,
                    0.0,
                    0.0,
                    -0.4274691343307495,
                    0.0,
                    -0.9040294885635376,
                    0.0,
                    313.08843994140625,
                    319.95416259765625,
                    -258.97979736328125,
                    1.0
                  ],
                  "_CmaeraQuat": [
                    -0.027739737182855606,
                    0.24503155052661896,
                    0.00701389042660594,
                    0.969092845916748
                  ]
                }
              },
              {
                "app.WarpUserData.Data": {
                  "index": 46,
                  "_ID": 0,
                  "_PLCreateMat": [
                    -0.39013946056365967,
                    0.0,
                    -0.9207557439804077,
                    0.0,
                    0.0,
                    1.0,
                    0.0,
                    0.0,
                    0.9207557439804077,
                    0.0,
                    -0.39013946056365967,
                    0.0,
                    81.9813461303711,
                    54.57295227050781,
                    -119.09666442871094,
                    1.0
                  ],
                  "_CmaeraQuat": [
